image: final.pgm
resolution: 0.100000
origin: [-9.456645, -6.826881, 0.000000]
negate: 0
occupied_thresh: 0.65
free_thresh: 0.196

