image: load.pgm
resolution: 0.100000
origin: [-8.314428, -6.871912, 0.000000]
negate: 0
occupied_thresh: 0.65
free_thresh: 0.196

