image: map2.pgm
resolution: 0.010000
origin: [-7.454105, -9.204305, 0.000000]
negate: 0
occupied_thresh: 0.65
free_thresh: 0.196

