image: map3.pgm
resolution: 0.010000
origin: [-7.071904, -11.908898, 0.000000]
negate: 0
occupied_thresh: 0.65
free_thresh: 0.196

