image: map4.pgm
resolution: 0.010000
origin: [-7.292366, -8.560000, 0.000000]
negate: 0
occupied_thresh: 0.65
free_thresh: 0.196

