image: map5.pgm
resolution: 0.100000
origin: [-11.276175, -12.543575, 0.000000]
negate: 0
occupied_thresh: 0.65
free_thresh: 0.196

