image: map6.pgm
resolution: 0.100000
origin: [-10.433669, -11.814851, 0.000000]
negate: 0
occupied_thresh: 0.65
free_thresh: 0.196

