image: new.pgm
resolution: 0.100000
origin: [-11.120903, -12.249473, 0.000000]
negate: 0
occupied_thresh: 0.65
free_thresh: 0.196

