image: two.pgm
resolution: 0.100000
origin: [-9.893555, -11.125265, 0.000000]
negate: 0
occupied_thresh: 0.65
free_thresh: 0.196

